195.71257922230623 256.77956627928023 72.18230746958572 204.05879632377528 555.9567237807626 
442.70796752001337 491.8358680810358 608.8492882478147 221.05550382088288 506.4080651196046 
509.73373351074537 502.1634877715229 113.81413049278346 587.1879318972833 91.21722332793001 
494.5856163483746 322.4976851802521 273.40256920590735 120.64090264409118 297.2905177622191 
298.7184570036707 33.96849287020836 220.9577767456134 217.7367529369908 388.3675195771328 
552.2586412790595 204.3958098948447 324.5368349908097 329.18463470568116 133.4714457721483 
262.81959335261797 527.5984502627946 98.56000967986918 106.56766429780201 556.3706680452633 
169.6305222167764 245.16177680650205 91.86901070732843 408.9805459761394 75.10767337758912 
187.98285147286344 555.4119794969422 469.34994921577976 552.7869466744754 316.401050794329 
221.1509475364716 545.9881541084872 397.87065874201727 74.84611573162807 62.103992829052686 
374.9061338730599 289.9087324630687 565.6673980282472 541.5354716078683 528.5572218325935 
332.53480598719284 553.795957672251 525.2688966321524 224.6191538539309 231.12941633525034 
106.79493505102593 436.22390317866075 343.21110941369136 554.5042195475138 453.89176021893905 
372.27118980765135 311.13962328249767 76.70096122835247 197.58611262024965 258.49900135250766 
461.7669559518935 544.9990029826696 161.42726074249111 254.98495627542604 29.095879732187463 
370.22495319424655 507.5546458688295 391.1671389958243 284.66443735327863 285.4584088068543 
307.5953349342674 347.9078525321909 275.8446344670484 369.22746831699294 300.512193243154 
458.3441979331896 374.1384664211811 379.28759795602684 120.99651381157966 348.61888924978734 
192.06552233494324 493.0778912501873 31.998761867136842 189.58521571436097 377.2354372066836 
300.9482279402866 544.991309850423 80.57994879885946 542.199287562087 48.251269631604735 
61.55686168390456 436.3577347790633 138.67344724210236 472.39282050753326 419.89625836823404 
398.2810252868727 234.72980661460278 130.93458435475353 379.8494933117413 440.85896577826264 
103.54607297436951 66.8427881190053 430.02368756772086 494.72927204709345 82.30980060560267 
606.9766630060876 450.6217237451324 57.17667117460757 109.87003367444247 439.91030252097954 
115.56529323768616 311.28174481982165 301.7302864216219 469.1818750486778 67.50617623633553 
24.793827236567736 470.97650689427456 88.06381318765207 249.3194063521354 549.8218897997069 
453.733878327119 71.94763110408257 325.6721706069284 594.4369616082574 247.74623405214726 
34.4374346822707 78.2620742670752 587.2798883078586 322.67171205927247 143.24551198883296 
208.31866151082622 606.2683497392261 210.68844743880285 141.98400177084272 529.961807993506 
592.4965675161055 236.0041836380565 273.94629125608526 488.01087183075884 320.42184218645053 
