304.00881068255165 490.37088675702034 160.56414733352537 148.1299838398744 442.9345288665271 
233.02325904137922 22.38478734024112 94.39080698860424 232.35884655810457 169.09599546888614 
470.8194279012067 167.22043006589843 188.66241130982908 28.911875843759084 303.03924242888445 
246.15044134273606 500.6907732981061 264.7801900731358 338.2899622353286 69.36070310739515 
504.3108684309701 206.22479608250387 80.08558500568768 418.5857944791438 126.48034552344765 
251.61982933866344 427.0167151757085 435.1555539659625 238.28308457363755 66.93582102049439 
434.12644086814163 100.37272933234203 481.38377819811717 387.2996766444404 251.80698918171956 
38.43094537152152 257.3549046333467 142.07141747130257 494.1702470268326 425.07607537930755 
194.32915435148502 249.14093906086924 413.84532597163786 410.214141242163 30.430329498195288 
49.14784203787763 385.15619496279174 87.6688465631572 478.4360277953023 475.32749630357574 
322.63262271447644 170.2919534201422 261.12510403884846 179.68643473457362 286.8074350034591 
153.62949914633 131.76304574676743 461.2102189768011 154.25334729030604 376.3470972552469 
319.1784833294283 466.80693670619644 353.81232947571607 10.617374779594225 461.88380369920776 
260.689387282265 295.9708488937729 140.67266721141198 220.69312121995526 482.8990667373599 
247.3338477682427 212.7261909511387 384.29073509999085 442.67527352343444 27.15084221190921 
264.46469896896434 407.20304028214827 117.37211440828082 27.847092127330544 467.31576135497266 
444.6272258254699 152.62688467990876 186.51300184630202 139.69294840766244 73.56973155735574 
84.48271008449603 159.30497281260068 14.421756188829672 14.74769640793421 129.16871231501767 
75.71066325432933 168.5497272830443 294.70643253539384 11.240700959985908 374.6319543815322 
148.74361786557375 412.606035719463 425.7857021581801 349.2386339347544 450.47688872834385 
201.13046788029015 355.39318158247823 152.5459587844768 134.21061351165758 195.97191300081755 
87.59638003208791 140.66920053935488 486.7709067026197 453.34378328809515 403.4866155309969 
55.708384291967604 261.1259981755991 379.97540409433407 33.203944134910614 175.21619407484556 
152.76610526445137 265.0415048386973 99.00705942152726 180.2022961336751 295.88926266944605 
328.4796524840465 391.625692481259 118.62719142619143 187.5960562976545 225.1487361831887 
450.5986196259573 466.3386435626895 73.29664113187106 69.28167317645733 44.300401797008604 
412.403871827762 451.53298550153204 168.68538867581483 270.3598995604264 120.79067843377376 
481.4195542126426 283.14127334492446 122.1739000118503 345.3504798535535 200.9054511412725 
346.45918973683064 492.2186722363701 400.0565268668124 89.06133433046814 216.63815306759864 
207.86282862428044 111.45036884944642 130.59400126056227 143.58682846806875 320.384588084455 
