577.0349540521067 241.5896621108545 499.50759652468986 197.096293184167 398.07615527150574 
459.19530637773926 92.0068498303434 568.4180126329103 229.80829531217086 492.98761906518945 
602.2370230375811 155.72949486128425 496.72796818140984 374.437242247693 174.95796614220774 
137.53895785935595 202.71075514702324 193.74422035070668 377.42327574784633 59.93815225581887 
383.753757852617 545.9246640214998 61.22314047475437 157.70741106288293 290.44228674240145 
272.83245341850755 395.6482994668825 381.90261308879394 421.2344488233705 559.7099065549897 
468.6687026804641 467.51771408011774 277.65733632444574 594.8607951854653 201.6206158644424 
124.81688634105457 462.5085826322219 151.03981715500194 473.6961031328487 387.9297107855429 
292.15703623672846 597.1520909841129 102.3283841702767 104.30337723280292 244.0363324778905 
198.85643739251768 275.5669319153417 298.6055201863598 110.42503783018152 116.66619681880111 
182.5362324463646 494.6714894450036 79.60725827485837 460.1414862200258 138.07154094271348 
29.089866070011432 115.50720321299129 106.76629999151018 447.6258728407769 140.01986659489322 
356.8918423378363 344.1046309820759 608.5415595876535 364.8343521246724 607.2349546947846 
543.8290209153258 593.7803980051585 330.1824651905742 136.33673863987582 26.215452441702716 
114.20604006196626 168.06526679030776 364.79241156520897 23.698318467321094 305.512343612451 
141.5183830687701 552.4037848179593 402.07915299655446 435.89146948084516 213.4953425233959 
161.62733655864753 347.98301559656346 380.5355393265945 442.5453315570331 117.1527903371122 
381.1560572585565 559.065420622456 238.87913419918797 132.70569083939404 200.19826258197747 
181.98066328759367 64.41697934817117 226.16798905432964 220.3248826453694 202.22401572641843 
310.41217311369684 294.110097020627 411.75054007906243 117.95459398925894 36.244002684004656 
