97.15974812596461 246.50589496210273 461.1567584737815 488.523371966655 417.372640511984 
369.4097442599724 256.38176223281783 44.24747958814645 490.3586332862286 159.70299662616677 
163.02617729107902 44.34629794893529 324.5861891675319 448.665004119083 297.6240987630751 
97.7277084607998 262.811599612901 42.59582130094357 361.6881816263839 35.35268977599642 
447.8845194998124 407.0132059324416 317.85750645964663 197.5969701870338 217.53908903741743 
73.2921150152635 152.25775342348413 366.9068360852002 23.873804140922264 394.70007953719244 
381.27650764850745 35.202238619999875 98.22314190386894 403.7814259046263 85.95710965311098 
320.4803798172037 207.1243072935487 148.04344802044182 382.2139372851563 472.0728346159926 
470.081940066208 505.8977252347468 360.0723949744922 29.009364005865503 334.83409959850786 
109.80979070928991 150.13668678022734 320.9415539548893 430.8226162263446 128.6099766193306 
400.48846648047333 126.07937943060575 146.57086229188292 285.9189797351556 72.2195566724758 
425.59387663394756 401.6721469739071 116.64091047710994 86.80181150439974 318.9389072634796 
209.0918439816974 88.477126842459 483.4972442261695 289.54538046954127 248.48632580237623 
340.41397020052796 370.0115873128893 135.34074867754362 296.2419141647687 415.13749946346917 
74.59441007353267 503.5472137205122 482.93690923385225 487.3283145520713 32.78879386036559 
94.21153769122547 473.9298140665813 214.78966624679873 67.03393938624002 221.91970496423497 
293.7769099754209 464.36193961818606 342.32353117657874 50.149482535018876 140.18239991321119 
289.5766447968384 406.12327464138264 437.7141065001039 158.18393652428114 162.00300600245538 
345.7504568711121 461.7501157483755 270.2771356803337 83.240323570322 221.41891311416188 
306.702489906894 283.1816947056339 329.50919616939245 58.15230591913494 333.7602727989221 
