579.9089348143732 82.18141212997091 191.63077545864658 432.16347937383796 599.1706428167396 
237.65354305476905 412.86382682356094 273.6736890903228 360.7367327526539 176.66411844841423 
517.6320233811861 78.14431598103629 555.5563129748947 180.26009830068512 122.34872467891458 
126.7017946445071 215.7297263358984 191.8144862989648 148.50028625804345 348.80733233602126 
198.12282751487095 384.804916291702 300.126052834985 406.06946563543687 379.7364278528086 
121.05861614544071 519.8508511708183 202.06976035174003 335.924962412532 608.0572432425975 
69.5633008563913 201.79543166105563 222.55802494396323 513.89576759529 31.83392508692198 
494.2727262948771 533.2185259584116 348.4887224788115 178.1667953957037 81.99459790606865 
152.5311687659301 369.6178331571646 500.17832138194933 430.7367096543839 76.71511937891208 
322.4147504059495 449.79719209363157 63.35529066870556 522.4544801993729 470.872519425411 
484.5788968160686 131.16068820277098 295.18044786343455 529.9796404890399 464.22886321955247 
246.4603611886575 237.85880539359107 457.07041897575994 394.42777025687116 609.8650452460842 
131.37650833286995 610.9854119572636 164.05290836113292 215.95189296633123 167.62122511783917 
137.63566451817934 471.8892560934528 270.87825247361 266.3474080802908 390.56444910331703 
88.92404297289687 505.53986573094153 256.92282238977793 545.1004558795333 352.3185972783477 
217.86731499626612 496.049095915791 314.6958300117284 337.15113679597647 427.8543424336505 
242.55023967349092 228.04326759106766 502.024377297908 78.91188469635881 260.3226973614368 
275.5654275341442 354.63154967053947 369.141550304667 70.54085130348487 283.8708488394306 
433.37474965192854 246.12223411369007 224.2116192992176 126.76978698193065 451.12921556706306 
448.80371739350875 316.1718685294041 431.4439576667015 597.247390965201 30.10090758372919 
411.622517949313 388.3637492436541 543.8964524847112 43.78256177441318 506.293024023941 
223.54682494907712 452.8231553792563 429.2481256237721 591.329902190909 441.7517433315161 
28.6395563313435 277.7866077604836 444.00318007076424 299.20038838735223 214.72361350857724 
413.91099174092057 215.32449292496975 514.4229584631175 277.82812961132674 175.36223524925603 
35.67048939355276 375.8192920388457 577.4921496258514 225.37634519968725 609.505396593493 
554.5301945128758 466.3481225694027 580.8084577293365 320.29647072435085 281.21263797972654 
117.41899705587518 589.7075234997817 116.71599897793361 495.31244000692544 224.49869854932504 
541.9354960033359 601.2237711234795 125.42837833903221 271.7098943833746 546.4246992879492 
492.12358374714455 409.36122683533546 418.33279392716133 258.66705374978585 380.1876642248351 
512.4416740398076 194.99856364042043 192.02909121720276 250.94271598796874 252.73078403338556 
557.3414396744854 96.48635303856526 393.7112978176208 91.68676874218198 393.2028808333336 
238.370901231952 468.5023951888321 98.89184311040334 329.48185796250544 164.72594321088087 
51.844748879039166 349.4327937307804 434.7248326863978 485.8609291051984 532.6569463838979 
562.5292782104476 163.54925781120622 159.70124289066845 579.2477564178439 540.0032221145235 
38.99426407272675 511.52602963068443 348.5406539281313 113.18345146473395 518.8924415422131 
372.6878643012457 358.6162438874593 456.8390572754339 242.3562686107908 471.90828282989503 
295.6661602550157 378.7353127096347 202.47311027667038 562.7425813064178 176.45256411344232 
543.4059209693394 141.30241465158198 520.80790846635 437.36657150239296 538.7352938033889 
613.2689355333584 594.3682138672855 71.1795874346929 243.94468792095122 313.04570383840536 
341.86992933753555 482.58137282443823 307.575858960723 614.0204282194882 140.02211152002167 
