317.55955960986955 55.28898296892891 353.45846618086813 22.442706282403016 229.5295498558708 
161.86992617886625 279.29227680353034 135.1089814241294 50.03596911057677 224.77862897466048 
495.41553547086613 267.4541583043758 299.6738510285652 358.25345855391504 181.16218034560237 
108.64234788307985 269.4122792287992 305.8632223424126 162.2207690968207 404.91036315540214 
47.03826775809554 382.1199505882141 314.4130448441444 93.21233627978935 400.32074717807296 
408.0185581220959 168.91899998254917 39.142785244961054 487.597547426304 142.45670717173763 
252.15165407009977 443.59154602681383 491.48868024697026 336.48794165997936 318.48453285555934 
107.58333239778838 396.4389054740003 162.36112057662714 259.0351577604296 369.75538776846673 
255.79280573089474 394.29943319567184 94.70747701301539 155.926084356202 419.10543206131473 
342.9719678480461 86.69650677087813 205.20783347771098 315.39168917528264 170.61114309881737 
122.65824381443178 162.1171734363017 13.017578704425928 338.72883520319886 161.74797286172492 
349.1354099765377 401.936338765953 65.38472303182535 146.73013812058034 159.17277635984934 
468.9728031197585 293.9595837568367 416.36282389704 132.3892458900246 261.85885803086353 
300.38695245579703 276.26008465680326 406.8252284377001 262.7233238468781 190.79606891479872 
11.435113479249017 357.29519066052814 16.739292139595285 166.51941675435899 248.72749302602324 
361.997271280657 486.63201817769476 58.41784893997575 202.31758874429704 261.2922030623929 
228.7505821188892 257.47639990998243 460.5312203932562 198.10442286187535 111.40639261146129 
293.6241397357282 97.137742394446 154.39873727098774 421.18161580836255 439.7308091935645 
15.344680270401136 123.18545875494934 327.9107711218859 342.73380350521063 57.6919754410895 
480.5072941241321 304.0384463369223 308.84824735127046 40.049063873694664 246.86103807529085 
219.0565037959747 494.81351657292504 492.91786693229835 52.507141301201976 454.7235849876169 
382.1292658162495 18.24472248260355 246.12044059718895 11.770378383828541 36.2340381374061 
294.9446214456094 211.2350496830138 203.79347648434586 277.57967601064433 391.340587865576 
79.93647092590454 159.04114162713634 16.554598581490268 167.72158631264082 158.25430293751768 
475.79404866700804 129.20903422189377 177.2218356636174 502.70838443847856 502.044081937591 
375.73544086778116 98.2249168066298 212.46169348394483 335.17439988502366 488.65717711874845 
356.4955570384024 126.53305478538073 262.34382616213065 182.6784665905377 220.24238556760193 
240.5227395287006 487.2786799885853 463.14899044622456 276.3146807287922 282.3042078643553 
114.17525730274745 235.09599040927475 320.7362952869793 11.134977886679545 484.41596747725043 
339.77722090968985 321.7798661189852 429.6398079481413 86.80243025628403 270.7076885457535 
238.78446112401446 223.11937356619637 387.008370048586 446.1134541826626 104.91967651739492 
365.63748793264693 46.95578732273158 39.76555880513698 407.09948264617805 457.3399317992101 
129.8172107111215 497.1471584554842 421.248775601226 482.4582285965463 11.347379184096775 
488.9071044628579 286.12592903918016 302.4512927247135 343.24737024212845 178.55294626176897 
223.90426251074578 323.73810433307267 39.26428134364161 306.3366339837791 440.7158138409444 
404.4746477267044 379.72971520970907 216.28589439514755 365.36020892318817 189.82809907929936 
455.2400458380148 78.33459834255228 509.38212450624786 190.2015415677752 295.1816748891296 
182.5049852462392 356.72018576474153 41.86213772922897 151.80438566265852 307.0951708361389 
316.13048503312115 14.426048331347964 35.54592609520595 287.82474034036835 394.58804405623255 
454.6531951949511 222.31092427242942 39.891864497529674 374.8689479257197 481.0048853135925 
