511.794815598617 422.6414862147135 464.1376886486036 421.68856735765485 180.00706983313034 
379.37521433440986 543.6867610325776 115.8441108287244 352.088455541309 57.72747248361659 
21.203094476920043 559.5958335436538 523.9554204036567 334.11409132263077 186.09130508782465 
276.421072404915 151.68853062091202 162.58501991514524 483.59229277097563 565.0732429713827 
186.53824756954404 260.0100215549036 331.93613905082265 401.5828834181398 323.24854735647983 
208.2934033782666 169.6099184541409 443.8343170762589 232.79217423961668 582.2111086069812 
478.83388026588744 222.31172396031906 600.6112674716636 261.4642714005319 81.33989779467916 
350.60852121494946 541.457103360032 235.54272856525657 552.5459593506384 139.29355231551625 
111.92272339276124 159.99238693392988 350.22037902586084 346.72796260250254 591.7621589307579 
472.6801507693696 203.7294523064198 550.4266856677917 155.0900099052899 228.6500889586998 
59.96247153462609 572.5577967939824 102.55524448320794 162.1648279837703 432.027607203386 
543.174127351522 375.582731269675 234.52553303963683 146.81265503799654 334.77034718095683 
423.7765095916749 276.2646018673971 37.50418613965885 451.7595735889577 46.578340724519855 
482.3046527203582 77.15900626873263 608.4631207871196 380.27546066801034 468.6774884653439 
399.42157330072314 179.20720253303463 551.4511265082957 549.3969624549378 602.4811671743131 
54.120376146224004 67.9718367389575 42.07931641376595 282.36256418244335 184.22525902648027 
368.60492933607077 160.90493832635397 291.6439875740135 449.4186321826354 302.36025467648284 
605.5150613958308 169.6959566771048 32.93329649641901 258.64972991207765 104.43734759066679 
540.5350255583636 235.87577387767791 419.35858364797343 521.6339886074252 224.3858859079535 
215.43326820945433 353.9218695496563 484.7661560080088 159.04577599088353 480.34400953163316 
128.50015160431195 43.768473592513175 577.1448804604904 327.2243114250355 250.34806930146163 
218.32729459233732 235.39650641269247 151.34652315919791 318.4695289959716 42.856622147553466 
41.930698125050355 515.4612557395476 601.6532073668 467.56515613984493 377.8051071516898 
210.2578980143219 114.982242874653 24.208649061839196 158.78690091752927 490.0569852612267 
515.9117966615668 315.12079918428714 433.4994147241573 617.3282888926854 91.00816657060574 
534.1169486385355 464.0272096113962 599.628399806045 54.44331007228107 577.8639353751486 
185.07349579675528 152.5513566228605 529.3385894159826 56.310004517909846 287.76349920018976 
472.28631039069074 333.0511432878428 460.76865110481646 324.18755643278314 551.375879809539 
437.49718556129704 498.2499108149906 178.7777348038395 321.26888904303496 325.60538955260046 
550.632966202773 202.6116777883827 255.26127181658998 614.9946181344294 567.2738487884748 
256.73745909850584 415.4190082062096 269.96935928550306 449.6419391241639 460.61321285579317 
277.0766408917334 272.92691732298266 136.57905859500727 591.7551665460637 214.50528645201578 
576.2698490356844 348.7747611972303 32.68804541933608 281.3438091752255 105.91762790963813 
301.05181127819293 311.29135431685864 469.38690755888734 137.5111374227385 241.055406305813 
430.63550111775464 179.32392849433907 116.40373073085935 22.939965249946376 534.4013616644435 
187.02209225500337 342.5327661762147 74.64719810514677 203.97708495649647 338.9478851686176 
291.265199478146 467.3693084298545 33.32594857846401 160.3204506143168 91.31104815980277 
545.7909505541203 277.7188977484409 109.59053405903926 230.79848341448073 527.7037262756878 
122.42560924534526 162.83901393982234 112.60432473195202 31.587034921522644 67.45784324178229 
361.68853387332507 430.03359861123477 40.748976657989786 474.4586694906095 308.3220489520762 
83.94199479466394 562.6210379901497 271.83158570193257 141.20211900351558 112.39499310842267 
191.80035321069195 564.2030653848155 275.0845604056525 253.9572663566273 335.43330203141244 
42.31228923988247 338.9204010941183 315.706261994228 209.53406281416866 439.4219952380969 
295.2396207143342 67.063661903135 64.83212750337913 230.34399136552457 274.61066078670547 
530.5384397125489 250.74225909620154 519.1731812327464 608.7693880042415 90.47529098382637 
76.05076811235301 411.82385663509916 96.01116919508098 590.9022138153894 574.9119420572287 
119.4619686816139 282.4399332943012 343.57088554790727 436.74815118276007 188.9271271084791 
292.66790120923406 317.28377852814754 308.64760312047054 406.23815115360793 493.5597561046528 
129.60153097162313 228.85336356848245 269.2758009087328 424.61497522519045 212.02448458999447 
299.93749490752924 75.73655275873875 578.5821002516998 269.74217771460224 460.25389863528875 
