21.532205115398487 402.93994125206444 164.92241580815735 207.0398480341478 292.57347318708173 
279.5203417469087 396.3351820058589 314.0302140897547 62.250932515679025 263.1104943903437 
225.0945757147341 232.76151409646826 164.09204909422454 464.3326005774569 46.48352228756296 
487.97836770873494 259.6641324680674 286.31966951664214 472.34811283642273 76.96728651111655 
330.53340913022913 108.21057134497258 425.0006782421844 163.44293966532163 163.66283832634042 
286.7908138809439 444.2881375291193 74.93173405628988 50.9518259154924 228.23227176974618 
491.02875110523996 418.1058529421335 48.62076282798144 406.88479316505845 155.02040378106346 
251.52089897537977 267.14384551479566 333.07305798884425 300.8235741444539 380.2101179622547 
287.4329521929207 96.8515868361121 309.5220295225549 461.5885243160962 423.9759913031194 
239.67120378560247 199.6645036913066 237.11996790157158 180.6326114682621 330.9099676673646 
35.590333233624364 329.20020618075785 369.79064839066956 251.22171486070187 156.34232088260245 
167.70922624872475 490.5860973937061 309.65538091035154 383.3698278278533 235.685824790326 
86.89012488182667 446.4982030561841 490.2252850902501 448.57768682054785 430.76593350134766 
398.79588528261087 342.4572935812443 106.51998241599053 502.098737231114 330.50294346698524 
240.90329061048155 484.0956738710587 360.10202998907283 54.21623400208913 126.58507539246543 
247.03066051985533 127.40308733424953 96.44496915366689 430.4101750412837 10.276778568710057 
432.41103013645926 483.37009214293835 475.8823398788565 476.9359582689817 280.6704307714427 
249.04641579789114 468.02410111694616 222.4785669509356 450.90370503208237 293.0003865874125 
226.7146387601957 313.70895340098343 136.44522188461372 339.1768518050291 447.6461200331439 
76.93159090682593 177.77056425029298 373.187732694509 399.1014544299694 454.7706817158826 
356.82369785279303 59.81586580009345 87.75683803145871 16.096437692325264 348.8455297405613 
267.7270829716775 51.71196240743552 308.5112836230006 52.406676854346905 453.34367682370737 
63.95119741921012 367.84886640672084 143.34778096280937 280.8323705068871 154.4388355818349 
324.13921716004637 323.3304250297054 480.1598976132699 484.0513906510473 168.49312456268405 
358.70168558705126 70.1693818543414 228.5502951397184 370.35867532014225 130.37566302511004 
198.6304844969301 255.79791119759224 159.6034335739912 40.4348492849576 476.2167140875187 
504.42015858093896 412.8750102464019 246.1547083920899 306.36271371288774 97.11870767352204 
208.69346062170018 317.1543702950177 337.95487934947414 346.83607481311367 240.72839898734986 
36.37675011737639 292.8083443415027 438.9764822032823 403.7140786472967 190.6011013209164 
44.88346376814455 197.88588299462157 491.4555757245372 321.19118450274067 453.1949119708593 
470.79407714507886 71.37911272429596 30.782123654090157 75.36653817704303 287.42211375258813 
225.0797161540317 66.60915768107554 13.785104667011542 78.45808055830688 469.31930005100844 
26.181318036463722 271.30604124457005 361.1045321930184 296.9283734389436 156.00321418588373 
118.46429948000453 424.900415721129 402.06433317930845 339.0480583404001 99.14344421103671 
176.02092759404525 279.2796780745337 491.68501059597935 426.6561961557386 423.2581866443947 
10.853064710502505 215.76402434057212 147.18940293546567 13.885944891326432 181.83651481855173 
176.5612395417237 72.5666337353521 352.6115374380311 487.2717654248789 302.2881671053699 
109.28160214313696 461.81802873610593 221.02892628125446 25.86763368763594 235.7554224040589 
366.29978257493553 460.72061093358144 414.6797636779076 504.7707806980073 210.69459560993923 
388.14459043820113 158.98106086724866 73.03642528273102 142.81546160037283 309.70819196184283 
14.69963182714661 384.8347181078751 121.08516950047054 66.28745029692283 421.30983330478807 
261.7056852712582 429.2767168929384 146.97422335221938 140.4893968357153 275.1205212637093 
306.7628424914219 446.1644323875307 386.2620632856168 404.09771987826525 227.4776629262514 
228.440351204991 42.3290375671339 104.71495436811023 485.7936393089899 490.70035466010063 
187.29218821001686 43.46986110260764 372.51693702118314 35.98904697985477 273.4723430087057 
371.44283812993547 349.20423658477563 198.4808934036748 430.0255718980577 41.21486015877167 
254.00436080810346 284.0706891417495 486.0607151490382 293.49372311605646 197.22756372338162 
416.0237023191365 434.4613050801276 65.40148509998855 429.8457533773411 100.1387839220389 
182.1149046829723 197.37655786347457 93.12678083828328 448.8776353171853 57.25305978680699 
440.64330132886755 382.6058253373401 128.9131799087304 169.60500364417442 392.20250448869683 
