82.06761596745778 437.236698445211 91.37050817163677 300.91722948692257 76.98981804611435 
611.4199083051287 66.23121686783401 114.29947959549779 333.3604882026692 571.5213401074915 
236.23340732882806 335.8853338806711 508.73054878514813 502.1134211196781 269.6111990336671 
197.85181004068946 380.8612249491052 159.67429488875771 329.82075924426204 589.7593677832544 
119.3387053737787 608.2496945987631 528.9115590886395 204.38836339984715 557.2254562621074 
246.3624197584843 72.73106860839803 235.3699528624314 483.8417761903074 483.76307810502755 
394.0567968483916 60.20511091571295 129.7716286427226 576.6158998947011 519.7492276739656 
92.26567727211912 365.18621909824236 279.71333564030607 68.01951716063348 535.3710392681479 
482.5793132708651 324.3132936402259 221.90582957695204 524.5341877456653 585.0077767817467 
480.19258083689544 375.0516190119357 486.47109079292704 350.93139992053636 510.5104525238773 
