235.42200605776026 343.68376249012476 301.5885894219996 492.9034250090857 349.6745149967644 
102.08907404439964 85.7932864209434 22.927229835455243 410.653736605281 336.5218338047084 
112.07480738960662 63.45680427886512 324.47217497800295 48.0037249228376 35.60584137760069 
402.4764367942705 261.20905871379966 58.3784973278118 114.07661485364834 147.25922378002304 
365.7720594930435 126.08851279228271 236.3208790573642 269.4801272340305 50.08831220254905 
374.2376589216594 64.49779139014483 260.4670452797274 212.32790156768294 407.89376582623305 
198.03277850495348 336.04284026362717 353.8629597621081 122.58363129687216 392.5206494313645 
255.41168822138414 189.6654915259464 330.933844123895 491.7939160104928 443.5426310842019 
472.847052636372 459.4104480497611 356.3595554485604 231.503609740838 379.04331257974303 
192.11062481931657 196.40730264888555 154.1990865697511 421.34686941315283 63.55947979642928 
